0.0   600.0 0.0    800.0			
0.0   499.0 0.0    349.0		
0.0   499.0 350.0  699.0		
0.0   499.0 700.0  1049.0	
0.0   499.0 1050.0 1399.0		
0.0   499.0 1400.0 1749.0		
0.0   39.0  360.0  479.0		
0.0   39.0  120.0  239.0		
0.0   39.0  240.0  359.0		
0.0   39.0  600.0  759.0
0.0   39.0  840.0  959.0		
40.0  79.0  840.0  879.0		
40.0  79.0  880.0  919.0		
0.0   39.0  0.0    119.0		
0.0   39.0  760.0  839.0		
0.0   40.0  480.0  600.0		
40.0  79.0  0.0    279.0		
40.0  79.0  0.0    279.0		
40.0  79.0  0.0    279.0		
40.0  79.0  0.0    279.0
40.0  79.0  560.0  639.0
40.0  79.0  760.0  839.0				
40.0  79.0f 920.0  999.0
81.0  120.0 1.0    280.0	
125.0 369.0 0.0    800.0		
0.0   150.0 0.0    700.0
0.0   499.0 0.0	   499.0
0.0   499.0 500.0  999.0
0.0   499.0 1000.0 1499.0
370.0 419.0   0.0   49.0
370.0 419.0  50.0   99.0
370.0 419.0 100.0  149.0
370.0 419.0 150.0  199.0